1000 20
12 1
6 4
5 9
20 6
13 5
14 3
9 7
11 4
6 6
15 3
18 7
13 10
12 10
4 6
2 9
17 5
11 4
8 7
2 9
5 6
13 10
18 4
6 1
17 4
16 3
18 3
11 1
5 5
10 8
20 3
19 6
7 1
9 6
8 3
4 2
8 6
13 8
9 10
18 7
13 5
19 3
10 10
13 4
4 2
13 5
4 1
10 2
12 10
7 1
12 10
14 10
5 6
9 6
15 6
2 10
2 1
14 1
2 6
16 7
7 9
11 2
11 2
3 4
1 1
16 3
10 9
4 6
6 2
11 3
9 3
4 10
5 7
13 6
14 8
2 10
8 4
13 1
15 7
16 5
7 2
19 8
12 2
13 10
5 4
14 3
8 9
15 2
5 7
17 8
6 10
9 4
13 3
16 7
11 1
13 7
14 2
4 6
5 6
7 10
11 10
14 8
8 8
9 4
14 7
13 10
18 3
5 10
5 10
8 5
2 1
3 6
4 6
13 8
13 9
17 6
18 1
5 5
10 6
8 4
2 10
15 10
12 9
1 8
10 1
14 1
1 6
6 4
13 8
3 7
8 2
12 5
2 7
1 1
2 8
6 5
19 10
6 2
10 9
1 1
19 4
2 9
9 9
14 3
9 8
10 6
19 1
13 2
9 3
15 2
13 10
9 3
12 4
17 3
12 7
4 10
3 5
20 1
15 5
4 5
13 5
3 1
5 5
3 6
7 7
7 1
8 5
14 9
1 10
4 4
18 7
14 10
3 5
3 7
2 8
4 4
2 6
16 6
20 8
3 8
6 10
9 4
16 2
4 6
3 7
12 10
5 5
20 7
1 2
16 2
19 9
7 10
16 3
17 5
12 10
12 10
1 2
15 6
13 8
4 5
17 5
15 3
11 6
20 1
7 7
5 7
17 1
16 2
5 2
6 7
3 9
6 3
1 10
19 3
9 4
20 7
8 6
10 10
3 1
12 9
7 6
5 3
19 2
14 3
3 1
11 6
19 8
20 9
7 10
4 8
3 5
4 2
12 5
11 4
5 5
2 1
2 8
5 10
9 8
15 3
20 7
20 9
5 10
9 1
9 4
10 4
18 4
5 9
18 8
2 3
2 5
5 5
4 2
15 2
19 1
7 1
9 6
9 3
17 7
16 8
13 5
1 10
10 7
11 8
16 4
2 9
11 8
4 4
19 10
18 10
2 4
20 10
1 8
3 10
16 8
7 8
14 9
10 4
7 10
3 3
15 4
11 5
13 4
19 2
15 8
1 6
11 10
6 3
19 8
12 6
17 10
6 10
8 7
13 5
18 5
9 2
10 1
17 3
5 7
14 1
14 6
7 6
17 2
18 7
11 2
4 7
11 9
16 9
15 1
5 2
7 5
16 7
15 2
19 1
10 4
2 3
1 8
10 7
11 7
3 1
8 6
7 9
7 4
9 3
14 5
5 1
9 10
9 5
3 9
6 2
2 7
6 2
6 5
10 6
13 4
16 3
1 2
3 7
7 1
12 1
7 8
13 7
7 1
1 1
19 8
4 2
4 1
5 1
7 4
16 9
17 1
11 9
4 3
8 1
15 9
3 3
6 7
11 4
7 2
16 7
9 9
20 5
19 4
5 7
17 3
15 5
3 8
5 9
2 2
1 9
10 5
1 7
1 2
10 9
15 5
7 5
15 6
19 5
9 6
1 7
8 8
13 2
5 7
20 8
1 2
6 2
6 9
9 8
2 10
8 6
15 4
10 1
19 1
6 9
8 8
7 5
5 9
16 1
8 8
19 8
11 4
1 9
14 9
6 5
19 4
10 5
19 2
5 10
4 2
8 1
20 5
5 6
5 2
17 2
11 7
11 2
10 2
2 4
12 7
10 10
12 10
6 3
3 3
12 6
16 9
16 5
5 2
3 10
15 1
13 6
17 6
19 6
7 10
1 10
18 1
12 2
2 7
4 4
19 5
1 7
5 8
1 10
19 5
11 3
5 3
10 1
10 8
19 8
7 1
18 5
1 9
6 4
5 1
9 6
15 9
2 1
16 4
20 6
1 2
11 5
17 10
18 6
8 6
14 6
6 1
10 9
19 7
12 5
7 3
2 3
1 5
4 9
1 3
6 1
17 6
17 3
8 4
18 5
9 1
20 5
1 2
5 1
8 6
18 7
20 9
19 3
6 2
1 6
17 8
18 3
14 4
5 1
8 4
7 8
5 8
2 7
19 8
8 9
6 5
5 5
15 5
17 10
17 9
17 5
7 4
9 2
8 5
4 7
18 10
14 4
19 8
11 8
5 10
8 10
6 2
15 2
18 3
4 6
12 10
10 8
14 10
9 3
14 4
11 4
13 4
17 3
11 9
20 8
8 9
9 5
2 3
17 10
18 10
5 9
19 7
6 4
16 6
8 10
9 8
5 3
14 1
15 4
20 7
3 9
17 2
16 9
6 2
18 3
3 2
11 3
20 8
17 6
5 6
17 3
6 1
17 9
13 4
14 4
2 7
3 8
8 8
16 5
1 3
8 3
7 10
15 6
18 3
13 2
19 9
7 6
9 3
14 2
18 7
5 9
15 9
17 4
8 2
19 8
17 8
2 5
7 7
20 4
11 5
18 1
13 4
16 4
18 9
15 6
8 1
14 2
2 10
16 9
14 6
9 10
3 10
16 9
18 7
5 9
11 2
9 4
17 7
17 6
5 3
1 4
5 7
18 6
8 5
7 1
10 5
2 2
16 7
12 4
4 6
14 4
9 4
9 7
10 5
3 7
19 3
10 4
1 7
9 9
11 7
9 2
1 3
3 9
19 7
2 4
14 5
8 3
20 6
19 10
13 3
16 1
8 7
6 8
4 5
16 6
1 7
18 4
19 2
2 7
18 5
11 4
1 10
6 10
17 6
9 1
9 6
12 6
13 7
15 8
3 1
13 6
7 2
1 5
14 4
13 3
8 3
6 10
4 3
19 1
11 10
13 1
15 4
18 7
13 2
14 7
2 9
14 8
12 6
4 5
19 7
20 8
11 7
17 5
12 6
7 2
15 9
12 1
15 9
20 9
20 5
17 4
3 3
1 5
8 7
11 7
13 2
4 3
11 1
9 2
8 7
3 4
18 6
14 2
14 3
2 5
10 8
18 2
20 1
18 10
7 1
6 9
2 1
13 2
13 4
5 10
20 7
5 7
12 1
20 7
15 3
2 4
3 1
16 4
1 5
13 9
5 8
9 9
11 4
2 3
7 7
15 8
5 1
7 9
1 6
5 6
11 8
19 3
1 6
6 3
11 9
12 7
8 2
17 8
5 1
13 1
9 9
1 5
9 7
13 10
4 10
5 4
19 3
6 9
1 4
4 1
2 7
9 1
18 8
11 3
8 3
5 8
13 5
12 1
3 5
10 7
6 6
20 4
1 6
15 1
1 10
3 2
16 1
2 3
20 2
7 7
6 4
14 8
8 8
11 1
2 10
9 9
18 8
14 8
5 8
10 5
17 2
18 2
14 2
17 4
15 3
12 1
6 8
10 6
15 10
8 8
12 8
6 9
15 9
18 2
19 7
16 7
10 4
11 5
17 7
8 1
1 2
11 9
9 3
16 5
12 5
14 5
2 1
3 8
1 2
19 9
10 7
18 9
20 8
14 8
6 3
18 8
4 1
8 4
13 5
10 6
9 3
11 2
13 5
10 4
17 10
4 6
6 1
17 7
20 2
4 5
14 2
15 10
2 2
5 6
9 5
1 7
17 1
11 10
16 2
15 2
11 8
9 7
11 5
13 10
6 7
7 2
10 1
13 1
14 7
16 2
11 8
11 8
19 3
9 6
4 5
9 4
12 7
2 2
14 5
4 1
3 10
2 2
10 4
14 5
3 1
9 3
8 9
12 8
11 2
3 6
6 1
19 10
20 1
3 3
7 6
3 9
15 7
12 6
10 5
11 4
17 9
17 6
9 10
14 1
12 8
16 9
11 4
18 10
6 1
2 2
18 4
12 3
20 3
8 2
19 10
5 5
20 3
11 8
5 6
18 6
15 3
16 5
19 6
14 4
18 5
8 5
11 9
7 2
14 7
15 2
8 2
19 8
4 9
15 8
16 5
15 10
9 1
7 7
16 10
3 5
7 2
19 7
20 8
10 3
4 5
5 1
16 3
18 1
3 5
11 10
9 7
11 9
19 7
16 6
17 10
10 5
11 9
11 10
6 2
15 1
16 1
11 3
5 1
6 9
17 6
8 7
12 10
5 1
7 2
16 5
1 8
9 1
6 1
13 1
2 7
11 10
9 3
4 3
5 9
11 3
4 10
9 8
19 4
10 7
17 7
3 8
14 3
8 9
5 2
1 9
10 3
8 8
16 1
2 2
20 2
5 5
13 5
14 4
10 3
12 7
20 5
4 3
9 3
4 4
15 4
12 4
7 1
14 4
13 5
5 4
19 1
19 1
6 2
6 5
7 8
1 6
4 6
10 2
19 3
17 5
17 10
20 5
10 3
